%This function extracts the values from the database according to the
%elements present in the alloy
%This expressed as:
%[properties,enthalpy,imenthalpy]=data_base(element,n_element)
%
%Input: element -> Stores the alloy elements
%       n_element -> Number of candidate constituent elements of the computed alloys

%Output:properties -> Physical and chemical properties of the elements in alloy
%       enthalpy -> Enthalpy of mixing of binary systems of the elements in alloy
%       imenthalpy -> Enthalpy of intermetallic compounds of the elements in alloy
%
%The database has information of 55 elements
%The references of the data are indicated at the end of the code
%
function [properties,enthalpy,imenthalpy]=data_base(element,n_element)
    
    element_data=["Li" "Be" "B" "C" "N" "Na" "Mg" "Al" "Si" "P" "K" "Ca" "Sc" "Ti" ...
        "V" "Cr" "Mn" "Fe" "Co" "Ni" "Cu" "Zn" "Ga" "Ge" "As" "Rb" "Sr" "Y" "Zr" ...
        "Nb" "Mo" "Tc" "Ru" "Rh" "Pd" "Ag" "Cd" "In" "Sn" "Sb" "Cs" "Ba" "La" "Hf" ... 
        "Ta" "W" "Re" "Os" "Ir" "Pt" "Au" "Hg" "Tl" "Pb" "Bi"];
    
    %12x55 - Database element properties.%
    %each row is a property ["Atomic number";"Atomic radius (pm)"[1];"Melting
    %point (K)"[1];"Boiling point (K)"[2];"Pauling electronegativity (-)"[1];"Allen
    %electronegativity (-)"[2];"Valence electron concentration (-)"[1];"Itinerant
    %electrons per atom (-)"[3];"Atomic weight (g/mol)"[2];"Density (g/cm3)"[1];"Molar
    %heat capacity (J/mol K)"[4];"Thermal conductivity (W/m/K)"[1]]%%%
    element_properties=[3	4	5	6	7	11	12	13	14	15	19	20	21	22	23	24	25	26	27	28	29	30	31	32	33	37	38	39	40	41	42	43	44	45	46	47	48	49	50	51	55	56	57	72	73	74	75	76	77	78	79	80	81	82	83
151.94	112.80	82.00	77.30	75.00	185.70	160.13	143.17	115.30	106.00	231.00	197.60	164.10	146.15	131.60	124.91	135.00	124.12	125.10	124.59	127.80	139.45	139.20	124.00	115.00	244.00	215.20	180.15	160.25	142.90	136.26	133.84	134.50	137.54	144.47	156.83	165.90	162.00	145.00	145.20	265.00	217.60	187.90	157.75	143.00	136.70	137.50	135.23	135.73	138.70	144.20	150.00	171.60	174.97	160.00
454	1560	2348	4742	63	371	923	933	1687	317	337	1115	1814	1941	2183	2180	1519	1811	1768	1728	1358	693	303	1211	1090	312	1050	1795	2128	2750	2896	2607	2237	1828	1235	594	430	505	904	723	302	1000	1193	2506	3290	3695	3458	3306	2719	2041	1337	234	577	600	544
1615	2742	4200	4300	77	1156	1363	2792	3538	550	1032	1757	3103	3560	3680	2944	2334	3134	3200	3186	2835	1180	2477	3106	887	961	1655	3609	4682	5017	4912	4538	4423	3968	3236	2435	1040	2345	2875	1860	944	2143	3737	4876	5731	5930	5869	5285	4701	4098	3129	630	1746	2022	1837
0.98	1.57	2.04	2.55	3.04	0.93	1.31	1.61	1.90	2.19	0.82	1.00	1.36	1.54	1.63	1.66	1.55	1.83	1.88	1.91	1.90	1.65	1.81	2.01	2.18	0.82	0.95	1.22	1.33	1.60	2.16	2.20	2.28	2.20	1.93	1.69	1.78	1.96	2.05	2.10	0.79	0.89	1.10	1.30	1.50	2.36	1.90	2.20	2.20	2.28	2.54	2.00	1.62	2.33	2.02
0.91	1.58	2.05	2.54	3.07	0.87	1.29	1.61	1.92	2.25	0.73	1.03	1.19	1.38	1.53	1.65	1.75	1.80	1.84	1.88	1.85	1.59	1.76	1.99	2.21	0.71	0.96	1.12	1.32	1.41	1.47	1.51	1.54	1.56	1.58	1.87	1.52	1.66	1.82	1.98	0.66	0.88	0.00	1.16	1.34	1.47	1.60	1.65	1.68	1.72	1.92	1.77	1.79	1.85	2.01
1.00	2.00	3.00	4.00	5.00	1.00	2.00	3.00	4.00	5.00	1.00	2.00	3.00	4.00	5.00	6.00	7.00	8.00	9.00	10.00	11.00	12.00	3.00	4.00	5.00	1.00	2.00	3.00	4.00	5.00	6.00	8.00	9.00	10.00	11.00	12.00	3.00	4.00	5.00	6.00	1.00	2.00	3.00	4.00	5.00	6.00	7.00	8.00	9.00	10.00	11.00	2.00	3.00	4.00	5.00
0.00	0.00	3.00	0.00	0.00	0.00	0.00	3.00	4.00	0.00	0.00	0.00	0.00	2.00	2.00	1.00	2.00	2.00	2.00	2.00	1.00	2.00	0.00	3.00	0.00	0.00	0.00	2.00	2.00	1.00	1.00	0.00	0.00	0.00	0.00	0.00	0.00	0.00	4.00	0.00	0.00	0.00	0.00	2.00	2.00	2.00	2.00	0.00	0.00	0.00	1.00	0.00	0.00	0.00	0.00
6.94	9.01	10.81	12.01	14.01	22.99	24.31	26.98	28.09	30.97	39.10	40.08	44.96	47.87	50.94	52.00	54.94	55.85	58.93	58.69	63.55	65.38	69.72	72.63	74.92	85.47	87.62	88.91	91.22	92.91	95.95	96.91	101.07	102.91	106.42	107.87	112.41	114.82	118.71	121.76	132.91	137.33	138.91	178.49	180.95	183.84	186.21	190.23	192.22	195.08	196.97	200.59	204.38	207.20	208.98
0.53	1.86	2.46	2.27	1.03	0.97	1.74	2.70	2.33	1.82	0.85	1.53	3.00	4.50	6.12	7.19	7.47	7.88	8.84	8.91	8.94	7.14	5.91	5.33	5.79	1.53	2.58	4.47	6.51	8.58	10.23	12.37	12.43	12.43	10.50	8.65	7.29	7.29	6.69	6.24	1.87	3.60	6.20	13.28	16.68	19.41	21.02	22.59	22.56	21.46	19.29	14.24	11.87	11.35	9.81
24.86	16.44	11.09	8.52	29.12	28.20	24.87	24.20	19.79	21.20	29.60	25.93	25.52	25.06	24.89	23.35	26.32	25.10	24.81	26.07	24.44	25.39	25.86	23.22	24.64	21.06	26.40	26.53	25.36	24.60	24.06	24.27	24.06	24.98	25.98	25.35	26.02	26.74	27.11	25.23	32.21	28.07	27.11	25.73	25.36	24.27	25.48	24.70	25.10	25.86	25.42	27.98	26.32	26.65	25.52
84.70	200.00	27.00	129.00	0.03	140.00	156.00	237.00	148.00	0.24	100.00	200.00	16.00	21.90	30.70	93.70	7.82	80.20	100.00	90.70	401.00	116.00	40.60	59.90	50.00	58.00	35.30	17.20	22.70	53.70	53.70	51.00	120.00	150.00	72.00	429.00	97.00	82.00	66.60	24.00	36.00	18.00	13.50	23.00	57.50	174.00	48.00	88.00	150.00	72.00	317.00	8.30	46.00	35.00	8.00];
